Pais Area poblacion Namerica Samerica Europe Asia Oceania Africa lat long Dia_inicio PIB Gasto_Salud 1 2 3 4 5 6 7 8 9 10 11 12 13 14 15 16 17 18 19 20 21 22 23 24 25 26 27 28 29 30 31 32 33 34
Afghanistan 250000 29835392 0 0 0 1 0 0 33.0 65.0 33 18734.0 11.8 1 1 1 1 1 1 1 1 1 1 1 1 1 4 4 5 7 7 7 11 16 21 22 22 22 24 24 40 40 74 84 94 110 110
Algeria 919590 34994937 0 0 0 0 0 1 28.0339 1.6596 34 172781.0 6.4 1 1 1 1 1 1 3 5 12 12 17 17 19 20 20 20 24 26 37 48 54 60 74 87 90 139 201 230 264 302 367 409 454 511
Australia 2967893 21766711 0 0 0 0 1 0 -31.9961875 141.2327875 4 1376255.0 9.2 4 5 5 6 9 9 12 12 12 13 13 14 15 15 15 15 15 15 15 15 15 15 15 15 15 15 15 15 15 15 15 15 15 15
Austria 32382 8217280 0 0 1 0 0 0 47.5162 14.5501 34 447718.0 10.4 2 2 3 3 9 14 18 21 29 41 55 79 104 131 182 246 302 504 655 860 1018 1332 1646 2013 2388 2814 3582 4474 5283 5588 6909 7657 8271 8788
Bahrain 257 1214705 0 0 0 1 0 0 26.0275 50.55 33 38184.0 4.7 1 23 33 33 36 41 47 49 49 52 55 60 85 85 95 110 195 195 195 210 214 214 228 256 278 285 305 334 377 392 419 458 466 476
Belgium 11787 10431477 0 0 1 0 0 0 50.8333 4.0 13 517609.0 10.3 1 1 1 1 1 1 1 1 1 1 1 1 1 1 1 1 1 1 1 1 1 1 1 1 1 1 2 8 13 23 50 109 169 200
Brazil 3286470 203429773 0 1 0 0 0 0 -14.235 -51.9253 35 1847020.0 9.5 1 1 1 2 2 2 2 4 4 13 13 20 25 31 38 52 151 151 162 200 321 372 621 793 1021 1546 1924 2247 2554 2985 3417 3904 4256 4579
Cambodia 69900 14701717 0 0 0 1 0 0 11.55 104.9167 5 26730.0 5.9 1 1 1 1 1 1 1 1 1 1 1 1 1 1 1 1 1 1 1 1 1 1 1 1 1 1 1 1 1 1 1 1 1 1
Canada 3855081 34030589 1 0 0 0 0 0 47.98290714285714 -88.40206428571427 4 1730914.0 10.6 1 1 2 2 2 4 4 4 4 4 5 5 7 7 7 7 7 7 7 7 7 7 8 8 8 8 9 9 9 10 11 11 13 14
China 3705386 1336718015 0 0 0 1 0 0 32.828384848484845 111.64908181818181 0 14140163.0 5.2 548 643 920 1406 2075 2877 5509 6087 8141 9802 11891 16630 19716 23707 27440 30587 34110 36814 39829 42354 44386 44759 59895 66358 68413 70513 72434 74211 74619 75077 75550 77001 77022 77241
Croatia 21831 4483804 0 0 1 0 0 0 45.1 15.2 34 60702.0 6.8 1 3 3 5 6 7 7 9 10 10 11 12 12 12 14 19 19 32 38 49 57 65 81 105 128 206 254 315 382 442 495 586 657 713
Denmark 16639 5529888 0 0 1 0 0 0 63.287800000000004 -13.338100000000003 36 347176.0 10.1 1 1 3 4 4 6 11 11 24 24 37 92 264 444 617 804 836 875 933 1025 1116 1225 1337 1420 1514 1572 1718 1862 2023 2200 2366 2564 2755 3039
Egypt 386660 82079636 0 0 0 0 0 1 26.0 30.0 23 302256.0 5.3 1 1 1 1 1 1 1 1 1 1 1 1 1 1 1 1 2 2 2 2 3 15 15 49 55 59 60 67 80 109 110 150 196 196
Estonia 17462 1282963 0 0 1 0 0 0 58.5953 25.0136 36 31038.0 6.4 1 1 1 1 1 2 2 3 10 10 10 10 12 16 16 79 115 171 205 225 258 267 283 306 326 352 369 404 538 575 645 679 715 745
Finland 130558 5259250 0 0 1 0 0 0 64.0 26.0 7 269654.0 9.2 1 1 1 1 1 1 1 1 1 1 1 1 1 1 1 1 1 1 1 1 1 1 1 1 1 1 1 1 2 2 2 3 6 6
France 211208 65312249 0 0 1 0 0 0 4.4477199999999995 11.603509999999998 2 2707074.0 11.3 2 3 3 3 4 5 5 5 6 6 6 6 6 6 6 11 11 11 11 11 11 11 12 12 12 12 12 12 12 12 12 12 14 18
Georgia 26911 4585874 0 0 1 0 0 0 42.3154 43.3569 35 15925.0 7.6 1 1 1 1 3 3 3 3 4 4 4 13 15 15 24 24 25 30 33 33 34 38 40 43 49 54 61 70 75 79 83 90 91 103
Germany 137846 81471834 0 0 1 0 0 0 51.0 9.0 5 3863344.0 11.2 1 4 4 4 5 8 10 12 12 12 12 13 13 14 14 16 16 16 16 16 16 16 16 16 16 16 16 16 16 17 27 46 48 79
Greece 50942 10760136 0 0 1 0 0 0 39.0742 21.8243 35 214012.0 8.0 1 3 4 4 7 7 7 9 31 45 46 73 73 89 99 99 190 228 331 331 387 418 418 495 530 624 695 743 821 892 966 1061 1156 1212
Guinea 94925 10601009 0 0 0 0 0 1 11.8037 -15.1804 225 12142.0 2.5 1 1 1 4 6 6 6 6 9 9 9 12 12 12 12 12 12 1 1 1 1 1 1 1 1 2 2 4 4 4 4 8 8 16
India 1269338 1189172906 0 0 0 1 0 0 21.0 78.0 8 2935570.0 3.5 1 1 1 2 3 3 3 3 3 3 3 3 3 3 3 3 3 3 3 3 3 3 3 3 3 3 3 3 3 3 3 3 5 5
Iran 636293 77891220 0 0 0 1 0 0 32.0 53.0 28 458500.0 8.7 2 5 18 28 43 61 95 139 245 388 593 978 1501 2336 2922 3513 4747 5823 6566 7161 8042 9000 10075 11364 12729 13938 14991 16169 17361 18407 19644 20610 21638 23049
Iraq 168753 30399572 0 0 0 1 0 0 33.0 44.0 33 224462.0 4.2 1 1 5 7 7 13 19 26 32 35 35 40 54 60 60 71 71 71 101 110 116 124 154 164 192 208 214 233 266 316 346 382 458 506
Israel 8019 7473052 0 0 0 1 0 0 31.0 35.0 30 387717.0 7.4 1 1 1 1 1 2 3 4 7 10 10 12 15 20 37 43 61 61 75 79 100 126 155 213 218 250 304 427 529 712 883 1071 1238 2369
Italy 116305 61016804 0 0 1 0 0 0 43.0 12.0 9 1988636.0 8.8 2 2 2 2 2 2 2 3 3 3 3 3 3 3 3 3 3 3 3 3 3 20 62 155 229 322 453 655 888 1128 1694 2036 2502 3089
Japan 145882 126475664 0 0 0 1 0 0 36.0 138.0 0 5154475.0 10.9 2 2 2 2 4 4 7 7 11 15 20 20 20 22 22 22 25 25 26 26 26 28 28 29 43 59 66 74 84 94 105 122 147 159
Kuwait 6880 2595628 0 0 0 1 0 0 29.5 47.75 33 137591.0 5.3 1 11 26 43 45 45 45 56 56 56 58 58 61 64 64 69 72 80 80 104 112 123 130 142 148 159 176 188 189 191 195 208 225 235
Lebanon 4015 4143101 0 0 0 1 0 0 33.8547 35.8623 30 58565.0 8.2 1 1 1 1 1 2 2 2 4 10 13 13 13 16 22 22 32 32 41 61 61 77 93 110 110 120 133 157 163 187 248 267 318 333
Malaysia 127316 28728607 0 0 0 1 0 0 2.5 112.5 3 365303.0 3.9 3 4 4 4 7 8 8 8 8 8 10 12 12 12 16 16 18 18 18 19 19 22 22 22 22 22 22 22 22 22 22 22 22 23
Nepal 54363 29391883 0 0 0 1 0 0 28.1667 84.25 3 29813.0 5.6 1 1 1 1 1 1 1 1 1 1 1 1 1 1 1 1 1 1 1 1 1 1 1 1 1 1 1 1 1 1 1 1 1 1
Netherlands 16033 16847007 0 0 1 0 0 0 23.715825 -49.197325 36 902355.0 10.1 1 1 6 10 18 24 38 82 128 188 265 321 382 503 503 806 962 1138 1416 1711 2058 2467 3003 3640 4217 4764 5580 6438 7468 8647 9819 10930 11817 12667
Niger 489189 16468886 0 0 0 0 0 1 9.082 8.6753 95 9443.0 3.8 1 1 2 3 3 7 10 10 10 18 27 27 1 1 1 1 1 1 1 1 1 1 2 2 2 2 2 2 2 2 3 8 8 12
NorthMacedonia 9781 2077328 0 0 1 0 0 0 41.6086 21.7453 35 12672.0 6.1 1 1 1 1 1 1 1 1 1 3 3 3 3 7 7 7 14 14 14 18 26 35 48 67 85 115 136 148 177 201 219 241 259 285
Norway 125181 4691849 0 0 1 0 0 0 60.472 8.4689 35 417627.0 10.4 1 1 6 15 19 25 32 56 87 108 147 176 205 400 598 702 996 1090 1221 1333 1463 1550 1746 1914 2118 2385 2621 2863 3084 3369 3755 4015 4284 4445
Oman 82031 3027959 0 0 0 1 0 0 21.0 57.0 33 76609.0 3.8 2 2 4 4 4 6 6 6 12 15 16 16 16 16 16 18 18 18 19 19 22 22 24 39 48 48 52 55 66 84 99 109 131 152
Pakistan 310401 187342721 0 0 0 1 0 0 30.3753 69.3451 35 284214.0 2.9 2 2 2 4 4 4 5 5 5 6 6 6 6 16 19 20 28 31 53 136 236 299 454 501 730 776 875 972 1063 1201 1373 1495 1597 1717
Philippines 115830 101833938 0 0 0 1 0 0 13.0 122.0 8 356814.0 4.4 1 1 1 2 2 2 2 2 3 3 3 3 3 3 3 3 3 3 3 3 3 3 3 3 3 3 3 3 3 3 3 3 3 3
Romania 91669 21904551 0 0 1 0 0 0 45.9432 24.9668 35 243698.0 5.2 1 1 3 3 3 3 3 4 6 9 9 15 15 25 45 49 89 123 131 158 184 260 277 308 367 433 576 794 906 1029 1292 1452 1815 2109
Russia 138739892 6592735 0 0 1 0 0 0 60.0 90.0 9 1637892.0 5.3 2 2 2 2 2 2 2 2 2 2 2 2 2 2 2 2 2 2 2 2 2 2 2 2 2 2 2 2 2 2 2 3 3 3
Singapore 267 4740737 0 0 0 1 0 0 1.2833 103.8333 1 362818.0 4.4 1 3 3 4 5 7 7 10 13 16 18 18 24 28 28 30 33 40 45 47 50 58 67 72 75 77 81 84 84 85 85 89 89 91
Spain 194896 46754784 0 0 1 0 0 0 40.0 -4.0 10 1397870.0 8.9 1 1 1 1 1 1 1 1 2 2 2 2 2 2 2 2 2 2 2 2 2 2 2 2 6 13 15 32 45 84 120 165 222 259
SriLanka 21283913 25332 0 0 0 1 0 0 7.0 81.0 5 86566.0 3.8 1 1 1 1 1 1 1 1 1 1 1 1 1 1 1 1 1 1 1 1 1 1 1 1 1 1 1 1 1 1 1 1 1 1
Sweden 173731 9088728 0 0 1 0 0 0 63.0 16.0 9 528929.0 11.0 1 1 1 1 1 1 1 1 1 1 1 1 1 1 1 1 1 1 1 1 1 1 1 1 1 1 2 7 7 12 14 15 21 35
Switzerland 15942 7639961 0 0 1 0 0 0 46.8182 8.2275 34 715360.0 12.3 1 1 8 8 18 27 42 56 90 114 214 268 337 374 491 652 652 1139 1359 2200 2200 2700 3028 4075 5294 6575 7474 8795 9877 10897 11811 12928 14076 14829
Thailand 198455 66720153 0 0 0 1 0 0 15.0 101.0 0 529177.0 3.7 2 3 5 7 8 8 14 14 14 19 19 19 19 25 25 25 25 32 32 32 33 33 33 33 33 34 35 35 35 35 35 35 35 35
UnitedArabEmirates 5148664 32000 0 0 0 1 0 0 24.0 54.0 7 405771.0 3.3 4 4 4 4 5 5 5 5 5 5 7 7 8 8 8 8 8 8 9 9 9 9 9 9 13 13 13 13 13 13 19 21 21 21
UnitedKingdom 62698362 94525 0 0 1 0 0 0 32.18262 -42.34011 9 2743586.0 9.6 2 2 2 2 2 2 2 3 3 3 8 8 9 9 9 9 9 9 9 9 9 9 9 9 13 13 13 15 20 23 36 40 51 86
US 313232044 3718691 1 0 0 0 0 0 37.0902 -95.7129 0 21439453.0 17.1 1 1 2 2 5 5 5 5 5 7 8 8 11 11 11 11 11 11 11 11 12 12 13 13 13 13 13 13 13 13 15 15 15 51
